1314,2518,0
1315,2519,0
53,276,2936
63,1809,2546
71,969,2280
75,1045,2070
77,1182,2057
83,900,1908
88,978,1840
101,976,1587
102,1143,1577
435,1771,102
480,1974,86
481,1593,86
482,1490,86
483,1168,86
484,682,86
485,1992,85
486,1291,85
490,1988,83
491,1567,83
493,766,82
495,716,82
496,556,82
497,1187,81
498,1365,81
499,1118,81
500,1993,81
501,460,80
502,1513,80
503,602,79
504,176,79
81,940,1945
507,730,78
509,801,76
511,418,76
512,1052,76
514,693,76
515,1481,75
516,1432,75
518,650,75
519,2043,74
520,814,74
521,990,73
522,2052,73
523,816,72
524,1144,72
525,1112,72
1,23,17586
2,26,15477
3,6,12935
11,529,7987
12,942,7272
4,639,12588
8,155,9778
7,57,10031
5,334,10528
9,8,9321
10,25,9042
6,66,10426
13,211,6955
14,1249,6843
20,261,5844
21,562,5597
31,90,4613
32,53,4605
35,35,4303
38,1158,3485
30,581,4627
15,16,6711
16,186,6697
39,314,3456
36,933,3855
33,771,4508
22,1199,5571
23,164,5246
40,75,3451
17,307,6536
41,1231,3358
42,1247,3305
18,491,6215
19,524,6155
24,1000,5185
43,355,3301
44,331,3239
25,98,5137
26,278,5104
46,1121,3178
47,952,3139
27,1041,4936
28,642,4917
48,1074,3105
29,103,4858
37,1087,3603
45,80,3236
55,530,2800
56,550,2765
57,713,2742
60,570,2618
61,992,2588
62,138,2558
49,1195,2986
34,109,4397
50,28,2963
51,1075,2959
84,24,1905
105,634,1525
72,321,2181
74,883,2073
58,1644,2716
78,753,2027
79,200,2013
80,677,1971
64,1364,2536
65,606,2529
66,915,2527
68,939,2429
94,265,1718
90,4,1806
526,1839,71
528,1765,71
529,1263,71
530,1620,70
532,1194,70
533,769,70
86,901,1897
534,2380,69
108,15,1496
109,189,1485
535,2094,68
536,780,68
537,711,67
538,1241,67
539,238,66
540,116,66
541,743,66
542,539,66
52,1681,2950
59,1756,2682
54,1329,2878
67,681,2508
82,1744,1942
85,1601,1898
69,1590,2375
70,705,2338
87,1055,1868
89,502,1809
73,1733,2163
76,1768,2059
96,820,1710
97,228,1685
98,1493,1677
99,1297,1672
100,837,1641
107,473,1502
110,1938,1428
111,375,1419
103,1240,1533
104,516,1529
112,971,1377
91,1642,1805
92,694,1775
106,944,1513
124,68,1253
125,1916,1227
93,1470,1729
95,1235,1714
113,198,1357
114,404,1351
115,1233,1330
128,807,1179
117,408,1314
119,714,1292
120,1378,1289
122,14,1266
123,896,1259
131,867,1127
132,929,1125
126,659,1211
127,560,1211
135,945,1066
136,1541,1059
137,235,1057
133,832,1076
134,1821,1076
129,2034,1165
152,759,909
139,1361,1008
140,1084,994
141,1907,985
155,1283,875
156,1189,870
157,1385,869
158,1787,862
159,737,861
160,100,852
151,1906,919
153,535,909
154,184,880
145,1566,963
146,1465,958
147,185,953
148,1014,951
149,1674,946
150,1389,938
164,543,784
165,434,781
167,1445,773
170,735,759
171,798,733
492,1442,82
543,2139,66
544,54,66
545,1174,65
546,604,65
548,1105,64
549,1763,64
551,2167,64
553,631,63
554,1204,63
555,1001,63
556,532,62
557,2070,62
558,632,61
559,1406,61
560,1048,61
116,1965,1324
118,1685,1310
138,1564,1025
142,1248,980
121,1956,1270
162,1730,805
143,1051,976
161,1504,826
179,303,669
184,30,615
185,1008,615
166,1375,780
168,1450,769
169,1104,766
172,1671,721
173,227,698
180,476,649
181,860,646
182,1130,626
183,2047,625
174,1459,696
188,1125,599
189,1304,597
193,1165,557
210,1640,489
211,894,480
212,1958,475
213,663,471
214,1102,467
215,440,464
175,1259,693
186,1425,614
218,1723,455
219,1290,452
187,1391,609
176,873,692
178,1751,673
206,678,510
209,1553,499
191,1612,582
192,1273,580
205,527,511
229,1282,421
199,86,528
194,1137,551
207,244,505
195,1438,548
196,311,546
197,1664,539
198,1533,532
200,247,528
201,611,527
203,890,518
204,1725,512
216,1603,457
217,875,457
235,112,401
220,2130,450
221,1180,444
222,305,439
223,390,437
224,565,431
225,1392,430
226,493,428
227,840,423
228,259,422
236,1148,401
230,272,421
231,1584,419
232,1379,413
233,67,407
234,439,402
240,628,392
241,347,387
244,548,373
246,1036,370
238,1095,395
242,1086,376
243,153,376
494,304,82
506,836,78
517,1779,75
562,1887,60
563,913,60
564,874,59
565,270,59
567,985,59
144,1562,965
202,293,521
237,551,397
251,436,339
252,1863,336
253,350,332
254,591,325
255,991,322
256,1954,321
239,810,395
247,2402,364
248,612,351
249,1571,344
250,1899,343
260,1634,303
261,809,299
262,1177,298
263,1475,297
316,320,215
264,1221,296
265,178,295
269,1322,287
271,2246,282
272,1094,279
273,1077,278
275,1295,275
278,644,270
257,1017,310
281,2051,264
258,1136,310
282,150,263
283,137,259
284,1419,259
285,1682,258
286,1258,256
290,1746,243
291,537,242
292,1878,241
293,1402,239
294,563,238
266,2000,292
301,1937,230
302,999,229
303,1757,227
306,199,225
308,492,222
309,1637,221
310,319,218
312,1202,217
276,704,272
315,1301,215
277,297,272
318,108,214
321,1206,209
322,1278,206
323,1355,204
279,854,268
280,1272,268
324,1542,202
326,405,198
287,653,255
329,2190,195
328,1489,196
331,723,189
333,1696,188
337,1526,182
297,472,234
298,1188,234
300,1667,232
305,126,226
313,1964,216
314,1531,216
332,218,188
334,151,188
335,571,183
569,1833,59
570,1486,59
571,981,57
749,750,18
754,1933,18
755,310,18
756,831,18
758,2230,17
759,930,17
760,1830,17
761,1060,17
762,1010,17
763,625,17
764,146,16
766,1940,16
769,1714,16
770,645,15
771,1766,15
772,857,15
773,949,15
774,1129,15
775,546,15
776,1397,14
259,2065,309
274,1013,277
295,2143,236
320,1587,210
325,523,199
330,1246,192
338,1799,181
288,2223,255
346,595,173
299,1536,232
350,1944,169
304,2096,226
352,1276,168
353,1758,167
354,842,166
355,1699,165
357,1807,164
358,1043,163
360,777,160
363,1804,158
368,441,153
369,1485,152
372,734,147
373,688,145
374,921,144
377,1648,142
378,1334,142
379,1253,141
380,1318,140
385,1784,138
391,275,135
392,709,133
396,664,130
397,435,129
398,2228,127
340,630,177
402,683,124
404,1076,123
405,1622,122
341,1324,177
415,2155,116
419,1829,115
421,1446,112
342,740,177
359,1264,163
393,1499,133
426,1122,109
427,250,109
351,2004,169
406,258,122
343,848,177
344,1843,177
345,2037,173
347,751,173
349,166,170
364,745,157
365,1508,157
375,327,143
376,575,143
505,1093,78
381,171,140
382,2177,140
383,1265,139
384,902,139
386,1979,137
387,633,137
388,1377,137
394,425,132
395,474,132
399,2098,126
400,828,126
403,1921,124
407,1268,121
408,1643,121
409,573,120
410,1447,120
411,533,120
414,374,117
416,549,115
420,1140,115
424,1817,110
425,1271,110
428,461,107
429,904,107
431,2393,107
779,205,14
780,1881,14
853,1583,3
862,505,3
892,2279,0
900,1491,0
941,2517,0
296,1917,234
307,578,224
317,2048,215
366,1742,156
423,1117,111
433,959,105
434,1623,103
436,1722,101
437,1545,100
440,1038,99
444,1443,97
445,1713,96
446,1058,95
348,1918,170
447,1512,95
448,484,95
362,1357,160
472,1032,90
418,1677,115
469,1663,91
438,1410,99
441,720,99
442,1743,98
443,1227,98
449,974,94
450,1544,94
451,1463,93
453,1089,93
454,1927,93
455,1550,93
456,1462,92
458,1128,92
459,1011,92
460,1961,92
461,724,92
462,1487,92
468,756,91
470,1910,91
471,519,90
473,2110,90
474,1427,89
475,1686,89
476,868,87
477,336,87
478,1350,87
479,1870,87
270,2313,284
487,1585,84
422,1371,112
572,136,57
413,1448,117
584,2131,54
513,1242,76
552,1874,63
594,1534,51
595,583,51
599,1092,50
600,955,49
601,772,48
566,1502,59
602,1570,48
603,1430,47
573,1079,56
618,266,45
622,1049,44
625,424,43
624,1786,43
574,1971,56
626,615,42
627,2097,41
628,1819,40
575,2058,55
576,1895,55
649,648,38
648,1363,38
577,2236,55
666,326,34
578,758,55
579,1309,55
580,1507,55
581,561,54
582,956,54
583,1039,54
585,131,53
587,988,53
660,657,35
588,2021,53
589,934,53
590,494,52
592,1683,52
593,1407,52
597,2133,50
598,637,50
605,2181,47
607,1351,47
608,1801,46
609,1875,46
610,231,46
611,706,46
613,675,46
614,322,46
616,2328,45
619,1067,45
620,1977,44
623,313,44
629,1711,40
630,1033,40
631,1872,40
632,1229,40
633,616,40
635,1551,40
636,431,40
638,2324,40
639,2053,40
641,1604,40
643,1896,39
644,1376,39
645,579,39
647,654,39
651,1031,37
652,965,37
653,1905,37
655,849,36
657,995,36
658,673,36
659,1327,36
661,1981,35
662,1500,35
401,2349,124
665,1535,34
667,752,33
508,1837,76
668,1340,33
698,640,30
550,2394,64
656,1185,36
663,1366,34
664,1018,34
695,1935,31
720,1003,25
725,2071,24
670,719,32
671,2362,32
735,1420,22
737,1814,21
740,294,20
748,1738,19
673,2352,32
675,1488,32
678,2231,32
679,1611,32
682,1828,32
683,1262,32
684,1655,32
688,1931,32
689,1963,32
690,946,32
691,1739,32
692,1731,32
693,400,32
694,643,31
697,402,30
699,2001,30
700,924,29
701,1721,29
703,1501,27
704,684,27
705,1838,27
706,1326,27
707,1858,26
708,2137,26
709,876,26
710,847,26
711,1614,26
712,453,26
713,277,26
714,201,26
715,1210,26
716,1530,26
718,1498,25
719,1975,25
721,2179,24
723,1178,24
724,1516,24
726,105,24
727,1902,24
728,2114,23
729,2036,23
730,2015,23
731,768,23
732,1909,22
733,1002,22
734,1082,22
736,1639,21
738,118,21
742,117,20
743,1396,20
744,1119,20
745,812,19
746,82,19
747,1213,19
750,1408,18
752,1216,18
753,128,18
970,2476,0
998,1457,0
1036,1181,0
1042,1328,0
1048,1986,0
1056,1505,0
1060,2353,0
1067,2407,0
1075,1517,0
1078,2256,0
1079,1439,0
1082,1676,0
1084,2447,0
1088,2196,0
1093,739,0
1099,2316,0
1105,2512,0
1108,2074,0
1110,1831,0
1116,456,0
1117,2515,0
1121,2385,0
1122,2274,0
467,899,92
640,2408,40
765,385,16
767,1305,16
896,1997,0
909,1207,0
911,2240,0
912,2420,0
928,2514,0
931,594,0
955,2201,0
957,1085,0
963,1704,0
965,2468,0
967,1251,0
972,2017,0
981,130,0
984,2392,0
987,1661,0
988,962,0
989,2005,0
993,1826,0
1001,1654,0
1002,2128,0
1005,1373,0
1006,1598,0
1008,2031,0
1033,1574,0
1039,501,0
1041,2379,0
1046,1191,0
1050,1811,0
1068,2510,0
1070,2056,0
1077,1691,0
531,2442,70
621,2376,44
778,917,14
781,190,13
783,1613,13
674,2441,32
784,1632,13
751,2384,18
787,1876,12
788,395,12
777,1056,14
786,954,12
889,2304,0
902,861,0
940,428,0
954,2396,0
969,2421,0
1015,2159,0
1016,2307,0
1030,2272,0
1035,1724,0
1047,193,0
1055,2501,0
1064,1255,0
1074,2083,0
1089,1569,0
1096,237,0
1101,2222,0
1112,1256,0
1123,2122,0
1124,2461,0
1125,620,0
1127,2203,0
1132,499,0
1136,1845,0
1145,478,0
1146,2273,0
1147,1050,0
1148,2491,0
1151,2437,0
1153,2372,0
1154,2073,0
1155,1005,0
1158,1390,0
1160,2366,0
1161,1476,0
1162,1179,0
1167,1081,0
1168,699,0
1171,2388,0
1174,2423,0
1175,475,0
1176,2344,0
1179,1805,0
1180,2288,0
1181,1615,0
1182,996,0
1185,437,0
1186,2338,0
1187,1243,0
1188,191,0
1189,1388,0
1193,2082,0
1197,1413,0
1198,1341,0
1199,2187,0
1200,1250,0
1201,1028,0
1202,1880,0
1203,2484,0
1204,2335,0
1205,1982,0
1206,2078,0
1208,410,0
1209,788,0
1210,1176,0
1211,2340,0
1212,2482,0
1213,2020,0
1214,2323,0
1215,2289,0
1216,2197,0
1217,2184,0
1218,2109,0
1219,1698,0
1220,764,0
1224,2399,0
1225,2247,0
1226,2448,0
1227,826,0
1229,2400,0
1231,881,0
1233,1153,0
1234,2285,0
1235,2220,0
1236,910,0
1237,1285,0
1240,2185,0
1241,2404,0
1242,1854,0
1243,2500,0
177,1995,690
208,1883,503
339,2232,178
371,2200,149
489,1658,83
702,2326,28
796,1702,10
798,1732,10
800,1387,9
805,2153,9
810,855,8
819,522,6
831,1695,5
832,1525,5
838,328,5
604,2045,47
612,2322,46
676,2360,32
681,1999,32
789,844,11
790,481,11
792,866,11
793,984,11
794,948,11
795,655,11
797,159,10
799,318,10
801,517,9
802,1035,9
803,129,9
804,1133,9
806,1070,9
807,1252,8
808,1394,8
809,1437,8
811,907,8
812,251,7
813,1563,7
814,728,7
815,1428,7
816,1555,7
817,426,7
818,1464,7
820,1287,6
821,2113,6
822,1022,6
823,635,6
824,1435,6
825,1621,6
826,2370,6
827,2431,6
828,718,6
829,803,6
830,651,6
833,708,5
834,160,5
835,911,5
836,5,5
837,1436,5
839,145,5
840,1062,5
841,1978,4
842,1522,4
843,786,4
844,234,4
845,73,4
846,386,4
847,862,4
848,1575,4
849,697,4
851,65,3
1247,1802,0
1248,2458,0
1249,729,0
163,2136,786
190,2145,589
356,1618,165
370,2100,151
267,2115,292
389,2170,136
336,1822,183
390,2342,136
596,2466,51
739,1415,21
439,1884,99
859,1959,3
465,2345,92
873,1441,1
877,1778,1
510,2148,76
547,1922,64
561,1423,61
568,1984,59
591,774,52
606,1780,47
637,2227,40
646,2480,39
654,1656,36
672,1894,32
677,2460,32
757,2035,18
850,1627,3
854,626,3
855,660,3
856,124,3
857,2250,3
858,1776,3
860,918,3
861,670,3
863,363,2
864,927,2
865,2064,2
866,1890,2
867,93,2
868,215,2
869,273,2
870,1889,2
871,2108,2
872,567,2
874,1161,1
875,1345,1
876,1197,1
878,58,1
879,1167,1
886,2507,0
888,935,0
916,2486,0
995,2499,0
996,2059,0
1017,853,0
1071,2452,0
1090,401,0
1100,2509,0
1104,1607,0
1133,281,0
1137,2465,0
1142,2343,0
1172,2254,0
1190,2439,0
1191,2111,0
1251,1592,0
1252,1124,0
1253,2028,0
1254,1727,0
1255,2248,0
1257,1836,0
1258,1399,0
1259,219,0
1260,2487,0
1261,2428,0
1262,1755,0
1263,765,0
1264,2490,0
1269,2132,0
1274,2263,0
1276,2265,0
1277,733,0
1278,503,0
1279,1716,0
1280,2302,0
1281,1532,0
1282,1317,0
1285,2292,0
1287,2069,0
268,2160,290
245,2026,371
289,2168,248
311,1701,218
319,2189,211
327,1080,196
367,1879,154
412,1789,117
586,2125,53
717,2241,25
430,2156,107
452,540,93
464,2245,92
466,2277,92
527,2425,71
617,2038,45
680,2453,32
686,2406,32
881,2309,0
882,1193,0
885,2382,0
887,884,0
890,598,0
905,2337,0
906,107,0
914,1795,0
917,2430,0
927,1970,0
936,2346,0
939,2495,0
958,2479,0
964,2505,0
973,2503,0
986,2219,0
1012,2434,0
1014,2317,0
1029,1578,0
1034,2206,0
1038,1920,0
1040,1600,0
1044,1120,0
1057,1741,0
1223,2502,0
1232,2283,0
1238,240,0
1246,2508,0
1250,1302,0
1256,1294,0
1266,2123,0
1268,2258,0
1273,2381,0
1283,210,0
1284,2454,0
1286,2033,0
1288,2112,0
1289,1898,0
1290,1560,0
1291,2455,0
1292,2192,0
1293,2472,0
1295,1693,0
1296,1237,0
1297,1610,0
1298,2216,0
1299,2002,0
1300,2478,0
1301,488,0
1302,2488,0
1303,1401,0
1304,2369,0
1305,1718,0
1306,423,0
1307,2378,0
1308,1892,0
1309,2433,0
1310,2409,0
1311,2024,0
1312,1710,0
1313,1855,0
130,1782,1154
488,1527,84
642,471,39
768,2405,16
361,2107,160
417,2193,115
696,2474,31
722,2426,24
741,1705,20
852,1395,3
883,2361,0
884,429,0
891,1284,0
893,2305,0
894,690,0
895,2359,0
898,2066,0
899,649,0
901,485,0
903,609,0
904,1186,0
908,1226,0
910,1926,0
913,1245,0
918,1557,0
919,702,0
920,1609,0
921,2257,0
922,2456,0
923,2202,0
924,2101,0
925,691,0
926,1697,0
930,2234,0
932,2422,0
933,717,0
934,1455,0
935,2314,0
937,2419,0
938,1027,0
942,1159,0
943,795,0
944,1651,0
946,2470,0
947,1110,0
948,2496,0
949,2494,0
951,2142,0
960,1991,0
961,1939,0
977,2467,0
979,569,0
1003,1868,0
1026,1767,0
1037,1867,0
1053,2299,0
1063,1581,0
1072,2150,0
1106,122,0
1113,2354,0
1126,2251,0
1135,2397,0
1139,2355,0
1141,1348,0
1156,727,0
1163,2389,0
1164,1528,0
1165,2308,0
1169,101,0
1183,781,0
1265,2438,0
1267,1484,0
1270,1628,0
432,2210,107
782,1393,13
457,2041,92
791,2280,11
615,1106,45
634,1823,40
669,2424,32
685,2214,32
785,1113,12
880,2363,0
907,1386,0
929,444,0
950,2124,0
952,2300,0
956,2351,0
959,2294,0
962,2275,0
968,2027,0
971,127,0
974,1885,0
975,2432,0
978,2057,0
980,2188,0
982,559,0
983,1281,0
985,2357,0
990,2151,0
991,2144,0
992,2398,0
994,1625,0
999,1358,0
1000,2356,0
1004,1972,0
1007,1023,0
1009,2319,0
1010,2336,0
1011,1882,0
1013,707,0
1018,1619,0
1019,698,0
1021,2386,0
1022,463,0
1023,2077,0
1024,1901,0
1025,1788,0
1027,2327,0
1028,2418,0
1031,1330,0
1032,2009,0
1051,596,0
1052,2208,0
1073,741,0
1081,2325,0
1087,1781,0
1134,216,0
1192,2270,0
1194,2212,0
1195,2217,0
1207,689,0
1228,2186,0
1230,2504,0
1239,1853,0
1245,2411,0
1271,590,0
1272,2211,0
1275,403,0
463,2414,92
687,2318,32
897,1650,0
997,1941,0
1020,2464,0
1043,1897,0
1045,1582,0
1049,2255,0
1054,1700,0
1058,393,0
1059,2489,0
1061,2006,0
1062,2117,0
1065,2298,0
1066,2358,0
1069,2244,0
1076,1856,0
1080,1325,0
1083,2469,0
1085,1356,0
1086,1928,0
1091,721,0
1092,2332,0
1094,2089,0
1095,2347,0
1097,2205,0
1098,316,0
1102,2063,0
1103,249,0
1107,2284,0
1109,1670,0
1111,1962,0
1130,2436,0
1159,2475,0
1166,2493,0
1170,613,0
1173,1409,0
1177,407,0
1184,2471,0
1221,380,0
1222,2315,0
915,2086,0
945,2176,0
953,1115,0
966,811,0
976,1983,0
1114,469,0
1115,1053,0
1118,1773,0
1119,1638,0
1120,2435,0
1128,1923,0
1129,1932,0
1131,2215,0
1138,1976,0
1140,2331,0
1143,2060,0
1144,1943,0
1149,754,0
1150,1166,0
1152,998,0
1157,2172,0
1178,1367,0
1196,2093,0
1244,515,0
1294,2417,0
650,2413,37
