1185,2517,0
1224,2507,0
1314,2518,0
1315,2519,0
1084,2510,0
997,2472,0
1032,2458,0
1095,1831,0
1098,2203,0
1099,620,0
1112,2491,0
1113,2437,0
1114,2082,0
1115,2187,0
1117,1250,0
1130,2456,0
346,2468,276
737,2480,39
1196,2496,0
1203,2470,0
1254,2495,0
342,1272,282
343,1997,280
1,23,68319
2,6,59713
3,639,58657
4,26,44868
5,334,35016
8,1041,27828
344,1961,277
345,704,277
6,155,31873
7,942,31843
10,524,25677
9,8,27400
12,491,23842
13,66,22339
14,529,22071
15,1249,21477
20,1590,18012
22,57,17334
353,854,268
444,270,165
445,1804,165
450,1648,162
449,1264,163
18,933,18385
19,307,18216
11,16,25066
16,103,19753
17,53,19088
347,688,273
350,126,269
351,1833,268
446,1699,165
448,1076,163
452,1377,160
454,1409,158
544,539,95
549,974,94
552,1089,93
554,609,92
556,724,92
558,1326,91
559,1056,91
560,2110,90
561,1166,90
562,1032,90
566,1686,89
569,1112,87
570,1050,87
662,1971,56
550,1550,93
665,1294,56
740,654,39
741,105,39
551,1927,93
758,1500,35
1124,2300,0
1126,2499,0
564,1427,89
565,1291,89
744,1363,38
567,758,88
749,1031,37
745,648,38
761,1210,34
583,2394,84
763,752,33
760,1366,34
764,781,33
765,1305,33
768,400,32
770,2318,32
771,1010,32
772,499,32
776,1963,32
778,643,31
780,316,31
762,1535,34
721,2476,44
746,1902,37
750,1905,37
752,673,36
753,1327,36
754,1876,36
756,1656,36
759,1611,35
774,2460,32
1035,2186,0
1049,2508,0
1050,1939,0
1051,1991,0
1053,1302,0
1054,727,0
1055,1528,0
1056,2428,0
1058,130,0
1059,1317,0
1060,240,0
1061,1153,0
1062,2467,0
1064,1081,0
1067,1982,0
1069,2283,0
1071,962,0
1073,1661,0
1074,2502,0
1082,1191,0
1087,2447,0
1088,1676,0
748,1002,37
755,849,36
757,995,36
1031,2514,0
1043,2142,0
1104,2509,0
1109,2512,0
1119,996,0
1121,2399,0
1123,910,0
1135,2452,0
1136,1897,0
1143,1582,0
1145,2503,0
1147,2479,0
1156,1120,0
1162,2206,0
1163,1920,0
1164,1578,0
1165,1741,0
1169,2150,0
1171,2251,0
1172,2515,0
1175,1348,0
1186,2397,0
1189,2254,0
1191,2439,0
1193,437,0
21,278,17588
23,211,17273
24,98,16800
31,261,14689
32,1231,14618
35,1000,13387
36,562,13307
37,939,12915
25,25,16293
26,109,16096
27,771,15514
30,992,14924
38,642,12715
39,164,12350
40,1087,12181
41,1199,12118
42,186,11610
43,35,11283
48,606,10065
28,1744,15480
29,1121,15425
33,314,13928
34,581,13882
44,1681,11108
45,550,10850
46,1247,10736
47,1074,10704
49,1045,9980
50,1644,9938
51,1195,9430
52,90,9147
53,837,9099
54,1235,9012
55,952,8665
56,1364,8419
110,940,3582
123,1782,3046
124,1533,2936
223,894,857
224,244,849
226,67,823
117,1965,3232
120,321,3183
121,1685,3100
122,440,3070
216,1742,978
222,1910,868
237,1180,763
232,543,796
127,473,2836
125,1470,2868
126,1541,2863
218,227,941
219,591,917
220,1251,895
336,1604,288
143,929,2236
208,1283,1081
59,80,7589
230,1445,805
118,1137,3226
340,1295,285
341,297,284
129,4,2807
233,178,781
320,1757,330
337,1322,287
338,137,287
70,713,5913
57,1493,7791
62,1158,6946
71,1938,5887
61,1075,7510
94,1297,4278
72,68,5882
58,530,7628
75,883,5558
76,1182,5325
78,1329,5225
77,200,5313
67,705,6387
68,355,6377
74,1768,5728
63,681,6894
64,896,6893
65,1756,6660
66,331,6541
81,276,5087
82,737,5085
93,915,4369
83,714,5014
84,1642,4978
87,2047,4705
73,820,5879
88,1055,4693
60,1809,7586
69,24,6157
86,502,4713
80,753,5126
85,900,4723
98,1733,3980
79,1233,5133
89,969,4648
90,1361,4575
91,75,4563
107,228,3697
100,1378,3936
92,138,4417
115,971,3272
116,832,3263
106,1566,3719
101,235,3933
95,1143,4194
96,28,3996
97,976,3986
104,634,3879
105,978,3831
113,516,3367
114,375,3358
108,944,3626
109,1821,3607
111,1601,3486
112,890,3387
102,677,3931
103,15,3915
119,570,3220
130,659,2806
99,2034,3953
128,1956,2825
132,1504,2727
139,320,2510
138,1290,2542
144,404,2192
145,1465,2164
146,1084,2137
147,265,2120
133,560,2711
134,198,2675
135,1564,2663
148,1240,2084
140,434,2489
149,303,2074
150,247,2059
141,535,2418
142,901,2276
136,694,2648
137,408,2609
152,1512,1964
151,1130,1973
153,1389,1963
154,1883,1940
157,2115,1920
158,1248,1919
159,1916,1917
167,184,1743
168,1906,1713
160,1682,1889
169,809,1685
161,1612,1886
184,1799,1443
185,1189,1435
188,1051,1362
172,1104,1576
173,735,1557
174,1640,1520
189,945,1331
155,1907,1933
156,1459,1933
162,1671,1876
163,1450,1842
198,185,1180
164,189,1826
165,1375,1772
170,1259,1623
171,867,1617
205,100,1112
206,350,1100
207,1730,1097
175,1282,1519
177,1674,1499
178,293,1490
203,527,1135
180,1553,1484
181,1562,1483
182,807,1473
183,873,1465
186,798,1388
187,14,1387
190,2246,1330
191,611,1321
192,759,1309
193,663,1302
194,1165,1268
197,628,1215
195,1008,1261
199,1899,1178
200,476,1165
201,1086,1163
202,1014,1146
196,1385,1215
209,551,1076
210,153,1042
211,1723,1026
212,1787,1017
213,1751,1014
214,1725,1003
215,1603,994
217,1958,977
225,1746,832
221,653,874
238,1419,753
239,1425,730
229,1391,812
240,678,722
241,1095,718
242,612,706
234,1634,781
245,860,678
246,1304,673
249,1125,657
250,1664,640
251,311,632
235,1964,769
236,1724,766
243,1273,698
244,1584,698
253,30,615
254,1281,602
255,1438,591
256,537,590
257,493,586
247,1392,672
258,1878,579
260,272,561
261,1551,552
262,86,543
263,523,541
264,1701,538
265,840,524
266,1077,514
267,706,505
299,347,387
268,565,492
269,1379,489
270,991,489
271,1637,482
272,436,478
275,2155,474
276,548,472
277,305,471
278,777,470
279,1102,467
280,390,465
281,1713,461
282,439,458
284,1148,453
285,259,450
286,112,447
290,1462,424
291,1043,420
292,810,408
294,1013,402
273,875,476
295,1739,397
296,1177,395
297,1036,389
298,2051,387
300,2031,384
302,150,380
303,2137,376
304,774,376
305,1262,370
306,319,367
308,1571,364
309,1271,363
307,549,367
323,2037,310
327,1475,300
331,1508,297
315,1017,344
332,1221,296
317,1534,339
318,985,338
319,1136,334
321,1410,317
322,101,311
324,1807,304
325,1324,304
328,1094,299
329,1258,299
1150,2505,0
166,2130,1762
176,1954,1512
335,1819,288
274,2156,476
293,1569,405
312,1917,349
339,1536,287
348,1587,272
349,644,270
354,848,261
357,258,258
358,740,257
360,2143,255
361,1620,254
362,1487,252
363,1763,251
364,1371,242
372,1921,237
316,2000,340
376,472,234
378,1188,234
371,563,238
375,1355,236
377,1931,234
352,578,268
379,1667,232
380,1874,231
381,1663,230
382,999,229
383,1542,227
385,1843,226
386,199,225
387,492,222
394,108,215
355,1432,259
399,1206,209
356,1922,259
403,1386,205
404,425,204
406,250,201
366,780,239
367,1700,239
368,1301,239
369,431,239
370,1402,239
373,2004,237
421,709,190
423,723,189
388,1828,218
389,828,218
390,1202,217
391,955,217
392,1526,216
393,1531,216
397,631,210
398,1334,210
433,751,182
400,1122,206
401,1704,206
402,1278,206
407,405,198
417,441,193
418,1246,192
409,166,198
422,571,189
410,734,197
424,1318,188
426,151,188
427,1696,188
411,1758,197
412,1944,197
431,683,183
414,1489,196
434,868,179
436,630,177
437,1085,175
438,2071,174
439,595,173
440,902,168
441,1276,168
415,1080,196
425,1242,188
428,218,188
429,745,185
442,1446,166
443,842,166
204,1995,1115
252,2065,622
231,2048,798
283,2223,454
310,2043,362
416,1918,195
432,2228,182
435,1879,178
447,1677,164
455,374,157
457,921,156
458,1567,155
459,2036,154
430,1448,185
465,1731,144
466,1481,144
456,1447,157
462,1485,152
463,1265,151
464,444,148
460,949,152
461,1781,152
480,1784,138
481,1979,137
475,1268,141
467,327,143
490,1227,128
470,633,142
468,575,143
471,664,142
474,1253,141
476,1771,140
477,772,140
478,171,140
483,275,135
500,959,121
484,2131,135
504,602,120
505,1011,119
485,1499,133
488,435,129
508,1140,115
509,1658,114
489,816,129
513,1817,110
492,2098,126
493,2017,126
494,1128,124
529,1722,101
506,1285,119
496,1622,122
497,1870,122
532,1545,100
498,769,121
499,1643,121
501,533,120
502,573,120
503,786,120
511,1117,111
512,657,111
515,2217,108
517,1839,107
519,2393,107
520,336,107
521,461,107
522,904,107
523,2245,106
524,1623,106
525,720,106
526,1463,105
527,1765,103
530,1365,101
533,756,100
535,1038,99
537,1743,98
538,519,97
548,1544,94
540,1443,97
541,2056,97
542,1585,96
545,1484,95
546,1058,95
227,1863,822
131,2136,2792
179,2145,1486
301,2026,383
326,1357,301
573,1593,86
330,1618,298
365,1829,241
384,2024,227
420,2069,190
596,460,80
313,2345,349
314,2313,345
575,1490,86
578,2093,85
607,418,76
611,1779,75
612,650,75
598,946,79
451,2100,162
473,2070,141
534,2205,99
623,1129,69
628,2094,68
536,1981,99
629,1406,68
543,484,95
571,478,87
630,1241,67
617,1144,72
572,1350,87
576,1168,86
577,682,86
602,1263,78
580,1992,85
582,1638,84
584,1988,83
585,2148,82
586,304,82
587,1442,82
588,766,82
613,814,74
614,2441,73
615,990,73
616,2052,73
647,1048,61
589,716,82
618,1962,72
590,556,82
591,1187,81
592,1993,81
594,1118,81
595,503,80
597,1513,80
599,176,79
600,1625,79
603,1093,78
604,836,78
606,801,76
641,2167,64
609,1052,76
642,1105,64
645,532,62
610,693,76
661,981,57
619,579,71
622,1194,70
627,1711,68
631,1174,67
632,711,67
633,238,66
634,116,66
635,2139,66
636,54,66
637,1895,66
638,743,66
640,604,65
643,1204,63
644,1001,63
646,494,61
648,632,61
650,913,60
651,1245,60
652,1887,60
654,1502,59
655,874,59
656,1486,59
657,1975,59
287,2232,433
453,2349,160
228,2177,814
288,2160,430
311,2168,358
660,136,57
334,2200,290
472,899,142
491,2277,127
486,2132,133
574,1974,86
516,2406,108
659,2125,58
601,730,78
621,2413,70
664,1079,56
666,1185,56
667,1390,56
669,2236,55
670,1600,55
672,1507,55
673,1033,55
674,1309,55
681,131,53
677,1351,54
680,934,53
675,1039,54
682,988,53
691,1092,50
683,2185,52
684,1683,52
693,1018,49
685,1407,52
687,598,51
689,583,51
690,1488,50
692,637,50
694,1570,48
709,1801,46
711,407,46
695,1705,48
696,313,47
697,2324,47
698,1373,47
700,1430,47
702,1159,47
723,1049,44
704,795,47
706,1875,46
707,675,46
710,231,46
712,322,46
714,1702,45
715,2328,45
713,1340,45
726,424,43
727,1655,43
728,1786,43
730,615,42
678,561,54
735,616,40
716,1067,45
718,266,45
732,1435,41
720,719,44
724,1977,44
725,326,44
733,1872,40
736,1229,40
738,1376,39
742,1896,39
248,2189,670
259,2096,577
333,2234,292
359,2107,256
395,2190,215
608,1837,76
405,2227,203
624,2380,69
487,474,132
374,1937,237
413,2255,196
528,1884,102
593,1972,81
605,2231,76
639,1423,65
788,1396,29
671,2058,55
679,2021,53
686,2133,51
717,2038,45
734,2053,40
751,965,37
783,402,30
784,2001,30
785,640,30
787,924,29
789,1721,29
790,689,28
792,1836,28
794,1439,28
811,1498,25
800,876,26
801,1858,26
802,1530,26
804,277,26
805,453,26
806,201,26
807,1614,26
808,1328,25
812,1003,25
813,1881,24
814,1178,24
815,2179,24
793,2109,28
830,1814,21
816,1855,24
818,2431,24
819,2005,24
821,1516,24
822,294,23
823,2015,23
824,768,23
825,2114,23
826,1420,22
828,1082,22
829,1909,22
831,1415,21
832,1639,21
834,2117,20
835,117,20
836,1755,20
796,590,27
803,847,26
838,788,20
809,2035,25
817,118,24
820,733,24
833,1845,21
840,1621,20
852,1408,18
839,1119,20
841,1738,19
842,2275,19
843,82,19
844,1213,19
845,812,19
846,750,18
847,1216,18
848,310,18
849,1933,18
850,831,18
797,684,27
799,1838,27
851,128,18
855,1060,17
857,930,17
479,2170,140
495,2360,124
482,2342,136
507,1789,117
510,2384,112
531,2362,101
547,1894,95
555,2041,92
626,2192,68
649,2388,60
699,1780,47
731,2097,41
703,2045,47
781,1935,31
705,2322,46
722,2352,44
858,1714,16
769,2316,32
779,2256,31
795,2326,28
853,1830,17
856,625,17
859,1940,16
860,146,16
861,385,16
579,2408,85
863,546,15
865,2396,15
866,1766,15
867,655,15
868,857,15
869,645,15
871,917,14
872,1397,14
873,205,14
874,1890,13
875,190,13
876,1853,13
877,2381,13
878,1613,13
880,1632,13
881,1867,12
882,826,12
883,395,12
884,1619,12
885,2357,12
886,954,12
729,1795,42
888,2331,12
889,2028,12
891,2420,12
894,866,11
895,481,11
897,844,11
913,1252,8
900,1732,10
915,855,8
901,318,10
902,129,9
904,1035,9
905,1133,9
906,1387,9
907,517,9
908,127,9
909,1070,9
910,1436,8
914,1437,8
893,984,11
898,948,11
899,159,10
911,1394,8
912,907,8
916,1464,7
917,1399,7
918,251,7
919,728,7
920,1555,7
921,1563,7
922,426,7
923,1428,7
924,1476,7
925,1005,7
926,718,6
932,651,6
936,1581,6
937,853,6
938,803,6
419,2376,191
518,2210,107
539,540,97
557,2073,92
568,2344,88
658,1984,59
668,1823,55
676,956,54
739,471,39
767,2214,32
625,2363,69
786,2354,30
827,2353,22
864,2215,15
870,2272,15
892,2247,12
927,2113,6
928,1287,6
929,1505,6
930,2370,6
933,522,6
934,1022,6
935,635,6
939,935,5
940,911,5
941,708,5
942,2307,5
943,328,5
944,1413,5
945,145,5
719,1106,45
946,1525,5
947,160,5
798,1501,27
948,5,5
949,1062,5
950,1695,5
951,862,4
953,73,4
954,697,4
955,1978,4
956,234,4
862,2405,16
957,273,4
959,1575,4
960,386,4
961,124,3
962,626,3
964,1959,3
966,65,3
967,1583,3
968,918,3
969,660,3
970,1598,3
971,1776,3
972,670,3
973,1345,3
974,505,3
952,1522,4
975,1627,3
976,215,2
977,2108,2
978,363,2
980,1161,2
982,93,2
983,2448,2
984,2064,2
985,927,2
986,1167,1
963,2250,3
979,567,2
981,1889,2
987,58,1
990,1197,1
989,1778,1
994,1358,0
995,2398,0
1273,2338,0
1274,2288,0
1276,2372,0
1279,1698,0
1280,2078,0
1298,485,0
1303,596,0
1310,1901,0
1313,569,0
396,1822,211
563,2219,89
408,2386,198
553,2414,92
581,1527,84
620,2425,71
688,2466,51
653,2424,60
663,2323,56
766,1999,32
775,2347,32
791,2308,28
837,2244,20
887,1113,12
854,2230,17
890,2366,12
896,2280,11
903,2153,9
931,2389,6
992,1560,0
993,2009,0
1006,2407,0
1010,739,0
1016,2172,0
1017,1517,0
1024,2490,0
1025,2487,0
1038,2270,0
1044,2489,0
1045,2504,0
1048,2298,0
1078,1882,0
1080,2482,0
1081,2059,0
1085,193,0
1090,2469,0
1091,707,0
1092,2356,0
1093,428,0
1094,881,0
1096,2486,0
1097,1176,0
1101,2089,0
1102,1880,0
1103,721,0
1105,2063,0
1106,2319,0
1107,1615,0
1111,1805,0
1118,1341,0
1122,249,0
1125,1670,0
1127,2284,0
1129,1367,0
1133,2144,0
1137,702,0
1138,2257,0
1139,1557,0
1148,691,0
1154,2151,0
1155,2423,0
1160,699,0
1255,2464,0
1257,1941,0
1258,2340,0
1260,2434,0
1261,2343,0
1262,410,0
1264,1691,0
1266,1654,0
1267,1457,0
1269,380,0
1272,2315,0
1275,1885,0
1278,2027,0
1281,2128,0
1283,2335,0
1287,698,0
1291,1237,0
1294,1986,0
1297,488,0
1299,1788,0
1300,463,0
1304,2077,0
1307,2378,0
1309,2369,0
1312,1181,0
289,2402,427
469,2193,143
701,2181,47
708,2392,46
743,2292,39
747,2346,37
810,2241,25
958,2455,4
988,1441,1
998,2327,0
999,1610,0
1002,2418,0
1004,501,0
1005,2379,0
1012,1574,0
1021,1716,0
1022,403,0
1023,2417,0
1029,456,0
1030,2274,0
1033,2006,0
1036,219,0
1037,2184,0
1041,2411,0
1042,393,0
1046,2074,0
1047,2436,0
1052,2404,0
1057,2122,0
1063,2358,0
1065,1330,0
1066,216,0
1068,2336,0
1070,1325,0
1072,2355,0
1075,1856,0
1076,2208,0
1077,2289,0
1079,1928,0
1083,2400,0
1086,764,0
1089,2197,0
1100,2421,0
1108,861,0
1110,2304,0
1116,1926,0
1120,559,0
1170,122,0
1183,2385,0
1187,2432,0
1188,2188,0
1200,2057,0
1211,613,0
1212,690,0
1213,2305,0
1214,2475,0
1215,2493,0
1216,1255,0
1217,2361,0
1218,1491,0
1219,2471,0
1220,998,0
1221,754,0
1222,429,0
1223,107,0
1226,2083,0
1227,1186,0
1228,2337,0
1233,2501,0
1234,2066,0
1239,2279,0
1240,2202,0
1241,2111,0
1242,2159,0
1243,2124,0
1245,1028,0
1246,281,0
1248,2351,0
1249,2484,0
1251,2317,0
1252,401,0
1253,475,0
1256,1607,0
1296,1892,0
1302,2359,0
773,2453,32
514,2442,110
782,2426,31
991,884,0
996,1193,0
1000,1693,0
1001,649,0
879,1393,13
1003,2112,0
1007,2211,0
1008,1284,0
1009,210,0
1011,729,0
1014,2033,0
1015,2454,0
1018,1628,0
1019,2325,0
1020,1609,0
1026,1455,0
1027,2258,0
1028,2438,0
1034,2123,0
1039,1027,0
1040,2494,0
1158,1697,0
1159,2086,0
1161,717,0
1166,2314,0
1167,2422,0
965,1395,3
1168,1115,0
1174,2176,0
1176,811,0
1178,2419,0
1179,1983,0
1181,1651,0
1190,1110,0
1192,1767,0
1204,1868,0
1208,2299,0
1210,2294,0
1229,2332,0
1230,1943,0
1231,1356,0
1232,1976,0
1235,2060,0
1236,237,0
1237,2222,0
1238,1256,0
1244,2465,0
1247,2461,0
1250,1932,0
1259,1923,0
1263,2435,0
1265,1773,0
1268,2273,0
1270,469,0
1271,1053,0
1277,1179,0
1282,1970,0
1284,2488,0
1285,1401,0
1286,515,0
1288,1226,0
1289,2101,0
1290,2433,0
1292,2430,0
1293,1710,0
1295,1650,0
1301,423,0
1305,2478,0
1306,2002,0
1308,2382,0
1311,2309,0
777,2474,31
1013,741,0
1128,1802,0
1131,1854,0
1132,2500,0
1134,765,0
1140,1898,0
1141,1388,0
1142,191,0
1144,2248,0
1146,2220,0
1149,2302,0
1151,2216,0
1152,1718,0
1153,2196,0
1157,1811,0
1173,1243,0
1177,1592,0
1180,2240,0
1182,1207,0
1184,594,0
1194,2201,0
1195,2020,0
1197,1124,0
1198,1826,0
1199,2285,0
1201,1727,0
1202,1532,0
1205,2265,0
1206,2263,0
1207,1023,0
1209,2409,0
1225,2212,0
